1418
1141
485
1091
962
262
956
364
1089
178
624
1101
964
1439
1138
595
1286
1045
1256
808
375
575
1443
481
965
1350
1004
1442
151
124
359
0
783
905
1002
370
1453
1275
569
984
791
813
1001
1169
237
1470
684
376
1317
1493
1012
1114
816
1255
1155
972
843
762
1229
1280
817
636
667
1164
75
1400
402
187
1254
748
1369
199
332
250
258
1408
467
378
110
386
521
1232
906
318
1214
232
163
460
302
1458
1000
86
514
730
516
757
1421
421
1362
990
79
709
629
380
580
1199
957
48
827
601
371
182
953
115
821
194
385
37
246
1151
1396
681
285
706
721
1473
1195
1131
388
280
653
367
174
1356
1482
90
760
1152
1228
1166
742
387
961
598
26
125
273
108
1354
1088
1206
622
1416
508
1273
566
1463
384
173
1339
897
628
937
596
911
499
140
343
1189
691
655
689
1417
279
612
517
1378
1376
176
129
496
32
179
650
606
1488
1460
118
11
544
159
1224
825
463
585
433
478
1469
150
966
405
271
1215
156
1310
1083
1346
967
287
480
429
1323
361
337
969
893
522
147
440
1202
1103
1157
242
685
254
766
76
383
1122
1233
1457
1412
180
1436
576
873
775
793
1381
469
1150
354
1441
1435
651
377
1011
106
794
1476
117
60
1039
710
57
200
398
1318
465
432
1368
1029
647
809
256
274
547
41
206
1303
1156
1009
540
1257
1301
1159
844
1452
814
379
658
857
191
929
550
19
539
754
196
1051
484
818
1057
239
12
1170
563
502
427
138
862
1021
841
1480
597
1398
722
943
781
167
4
776
226
1359
1294
761
858
342
796
1112
414
1331
599
123
798
55
955
14
1026
357
1117
77
583
1253
1235
1010
772
1450
1285
497
1312
1211
305
865
249
534
1120
872
331
768
690
1066
493
368
1302
1304
119
222
261
39
1160
344
1175
581
442
1282
304
2
21
198
774
810
235
495
820
276
1440
461
759
161
73
1016
826
886
553
1419
1479
1069
181
221
1107
146
1049
214
1217
672
1272
588
1176
1163
263
1445
1145
979
1177
985
932
765
492
661
579
533
1429
654
1296
326
767
482
917
1447
1430
233
558
155
1033
238
356
228
49
1489
928
750
637
1422
609
1106
1121
148
1144
1223
1490
229
210
1105
644
1241
1162
505
712
1340
1332
830
795
294
1487
133
128
662
186
520
446
881
815
490
638
121
248
1276
1180
610
1207
247
524
676
22
511
1210
1213
74
1142
1064
639
1360
649
1179
319
640
1349
1426
450
584
1242
29
1348
724
728
1401
1079
1124
1355
770
166
870
680
1078
1125
1127
1324
1205
1136
896
944
1219
435
1244
1025
1218
455
792
552
313
918
838
444
642
116
374
397
1137
101
1485
717
20
1247
301
13
1358
1266
1032
1314
1390
1129
1472
1226
408
1325
683
91
1262
975
549
605
135
407
1135
1336
1085
740
811
714
1165
352
40
107
1403
923
915
1405
1192
1060
779
1063
1363
835
1185
677
562
52
1471
695
315
565
842
1161
1080
329
308
169
223
275
389
616
713
272
360
50
845
512
1364
987
70
17
1132
936
744
81
1158
1234
286
1330
1073
837
951
1399
1383
619
1322
891
310
696
743
1274
1203
506
733
785
224
855
988
885
470
646
416
958
1252
1279
393
382
1087
1212
968
925
687
317
786
509
1438
542
919
16
1465
519
1300
764
1477
216
65
1104
413
692
933
139
882
350
104
347
217
1491
1406
436
1095
33
390
532
529
1413
673
829
888
172
861
282
265
824
753
85
154
973
410
1326
67
559
142
1181
1297
471
938
220
84
466
800
54
430
325
1481
1468
746
451
892
1147
850
109
913
468
1015
1153
1146
1062
1467
1291
1046
846
725
486
1329
802
698
1116
914
572
476
614
1344
18
35
1071
1308
531
1239
78
1345
1496
715
589
671
538
525
1047
24
998
203
36
56
1019
351
686
1055
1352
679
316
518
1243
336
645
883
1367
876
1392
1334
1216
72
311
268
920
441
718
948
1003
7
479
1497
1041
1031
887
202
763
1464
1374
954
396
424
741
804
871
784
89
289
454
122
207
909
193
251
188
403
1475
1196
31
1289
875
1263
1110
328
38
439
868
184
1143
457
1366
720
415
483
1108
1387
98
1292
707
801
218
453
745
594
149
877
982
1361
284
462
1397
192
171
219
213
777
111
1119
1319
567
627
840
602
927
449
643
10
1365
307
102
1298
799
983
701
391
1284
1311
1154
1347
736
591
828
1288
400
1437
474
1459
832
941
723
1380
1201
991
947
126
195
321
699
47
64
1341
1058
537
333
464
312
458
291
1495
372
309
197
1067
1264
34
459
1006
807
664
1186
1433
634
58
931
864
487
1410
555
592
227
1454
863
1428
1008
823
1074
103
739
406
1100
926
503
1190
1024
314
418
335
1320
1208
425
411
269
528
1183
1034
46
670
201
731
1005
113
1415
143
1337
1466
1307
1424
963
1133
1270
1265
320
231
996
568
1221
42
921
1130
1171
556
168
456
894
420
682
924
1097
1494
1028
738
434
847
423
204
348
922
1268
1395
340
211
507
755
878
902
283
819
1017
264
1423
1249
162
992
170
1220
578
93
769
711
1384
6
475
734
158
1126
100
849
165
839
1149
59
1
1499
240
527
245
1299
489
546
438
1357
1449
234
230
1382
419
631
362
428
910
175
1394
1455
1111
1128
1191
144
620
97
700
1316
1096
854
1168
1022
574
831
212
618
1409
61
1427
1077
930
1193
1007
548
1309
942
780
895
822
500
447
611
366
600
571
1432
5
719
44
141
976
345
255
659
1373
1248
1042
674
1076
277
889
1035
607
1086
949
71
797
993
978
160
1478
266
1451
290
358
1327
668
694
782
1036
803
349
1222
1293
981
912
859
1260
1115
1172
1174
82
860
789
729
851
1043
758
702
1140
1420
477
812
648
120
297
96
833
62
1315
1194
1187
570
1486
295
708
980
608
884
1484
1109
586
9
1261
704
848
621
543
1342
1200
1492
296
404
177
25
615
392
630
663
443
577
1070
1090
437
1056
381
613
900
1023
236
92
127
903
1094
908
1237
1059
1230
656
904
1338
916
1027
716
53
561
1246
1148
935
1134
80
737
1377
989
324
244
735
880
1098
545
665
1281
1225
513
417
899
1328
652
1082
693
68
994
688
1379
23
1113
278
136
535
8
399
338
657
946
252
281
1267
1139
940
1198
666
771
1188
243
1393
260
1184
473
1084
1048
1388
15
105
1173
752
327
617
225
452
472
114
867
1259
322
257
183
945
1167
697
323
790
625
1370
727
112
488
1462
747
448
1061
145
557
190
130
510
189
756
678
299
1052
564
51
1099
960
1044
422
898
288
303
185
43
587
999
1343
394
1351
1231
773
401
369
1238
132
1030
1075
986
1038
1313
879
1335
1389
1425
241
974
267
363
604
1277
445
1372
69
152
1407
341
1065
87
866
788
952
703
626
1037
806
593
1068
501
971
590
409
869
355
1306
373
94
1209
939
1448
346
554
1386
1040
494
1092
1182
560
977
298
1102
515
805
292
582
1245
675
164
623
1250
1020
856
1446
63
669
66
959
726
431
874
270
1321
1269
573
995
836
778
632
660
1461
1305
834
491
95
27
1204
1385
1411
1123
1287
504
1072
208
365
526
1236
530
1118
306
1053
1278
88
293
334
997
1271
523
551
890
1295
1434
934
1402
83
157
603
970
339
131
99
1371
1258
1227
1050
751
1197
1431
853
787
330
541
1474
205
300
1375
1498
1014
1251
852
45
1483
426
732
1013
950
1081
134
1178
3
353
259
705
633
30
1093
28
395
137
635
1333
253
1054
901
215
1456
1240
209
1353
749
1404
153
1283
907
1290
1391
412
1018
641
1444
1414
498
536
