275
2330
3659
3997
775
183
259
980
2738
2946
1180
4287
4767
4970
3147
4133
3980
2363
2850
2025
182
2038
4843
3393
1008
3796
2442
1556
3142
1171
3168
3941
3983
4022
211
3544
3805
3701
362
1267
1489
628
787
910
2426
395
1264
2785
4388
3170
4991
1622
4593
381
3890
2547
1212
3626
4206
4725
1572
4969
1764
3730
3473
423
3812
2616
4493
2461
1165
2890
3429
2223
3039
149
2949
2116
1580
2001
3417
4082
2178
2718
2690
2478
899
464
2570
827
1850
2837
3135
879
1752
2390
4040
3555
69
2564
2260
2531
2394
3390
806
4419
551
2320
268
2235
1879
1509
4169
2449
3385
4026
2557
276
2037
1863
4737
1692
704
2787
3665
3094
949
1070
2136
759
3480
2297
1916
1602
3882
1361
1091
1680
3016
4466
3165
769
2978
2816
2002
3174
1722
3856
843
3092
1973
944
3049
2262
2966
145
4212
3669
4275
3194
4832
1888
1681
3502
2698
620
4808
482
2220
4179
2107
124
4020
600
7
2671
3141
1699
3160
4273
3232
791
1350
2242
610
758
256
1184
2204
1222
715
437
404
1141
4446
717
3343
1307
2477
4681
4393
4754
165
3251
1940
4317
3971
3022
4560
3084
2788
1015
1277
2304
538
4567
3777
4455
2099
2874
4199
1213
4766
4709
1337
4298
3699
1483
2336
575
974
3764
3631
876
1470
3052
3705
4625
129
397
4251
803
1224
1225
103
356
3401
4277
3042
1007
4736
3409
1477
1197
1452
2508
4821
24
1839
4987
4149
2121
1062
766
2993
2383
1510
4665
2790
2040
778
1502
868
3517
727
3537
2561
3774
754
3657
1154
3577
142
4313
852
2657
1185
4796
4871
3259
627
953
1977
1381
4477
3987
2104
308
2090
1037
2685
4376
1563
699
983
3357
19
2385
3005
924
4338
1474
4568
2109
4467
3224
2856
2374
3291
1327
693
871
223
3606
955
3484
1594
3405
3395
3727
1426
608
1626
1864
1244
4634
4603
3281
639
4178
1181
3765
554
3668
1326
4450
4668
1004
77
532
856
3912
3704
4464
2865
3070
3433
3006
2546
1828
1422
1717
2882
2351
4399
3180
3269
4256
2344
4769
3087
523
35
2656
2387
3835
4243
4380
3164
4416
4948
1749
716
2422
135
1814
724
1011
668
140
1302
1961
1021
1895
762
1069
4238
1190
1449
940
1486
1331
4454
3283
3057
3396
4269
590
4525
1918
1512
2115
2909
4197
3831
1395
2906
887
685
2747
3959
1571
1238
355
3182
1979
1013
811
1435
3702
264
4811
2847
726
1558
659
1994
961
317
3613
1663
1394
786
1484
4880
4638
547
1404
4813
2824
989
2476
2662
209
4919
2229
1055
4610
1466
2864
2054
1987
3027
4694
2452
828
4626
2163
351
3264
3663
564
1075
3495
1966
1155
657
2600
2941
2672
2923
286
1223
1025
3008
710
1518
1950
4672
2707
3215
1668
4226
707
3175
4815
3804
1899
2990
392
2203
4873
4847
2170
2962
3838
115
1769
1334
4781
1490
2919
2994
1935
1719
1446
807
494
2464
2112
525
3991
4770
113
3169
3054
2979
4504
3468
3864
3380
1420
3048
1482
2543
1414
3369
1068
548
4973
2450
2741
3499
2055
2026
3998
4556
3789
1912
3220
1347
2515
518
4704
1464
4047
2247
492
1428
4618
4430
3246
2691
4779
446
1049
4563
2075
2603
2801
81
818
4546
2357
4791
2184
4928
1768
4492
3421
3569
1955
1646
4889
2654
53
4545
1586
2407
4620
862
635
3878
2280
3744
4435
2113
2311
1103
4164
712
2980
2877
3059
2513
2528
2559
3755
1724
3985
2222
1071
1536
31
2066
922
1710
2599
4582
3929
4844
2006
3675
1357
2974
1612
638
4993
48
4615
3026
1823
751
1621
4108
1084
4588
2907
4508
2241
517
1416
2057
66
4728
1476
3271
625
3768
4027
4989
4264
3256
255
4079
4897
3902
510
1705
2021
4857
67
279
1693
2227
705
1887
3184
3843
4713
3579
331
4627
2312
2706
4655
2172
239
2493
3682
4722
4476
596
1026
3139
2815
4995
4904
2266
4427
3917
3368
1747
1836
4279
2786
3280
332
4321
26
3887
2319
587
2253
1905
502
934
1151
692
1330
2663
1587
4155
1547
3714
4822
2712
3414
4122
1807
577
4048
505
3462
2849
4878
4961
214
3629
647
2810
2446
698
485
3772
2624
4024
1457
455
1270
2277
292
2487
2687
4326
3276
97
1261
4319
1397
1666
2131
3638
1303
2921
1544
2832
3381
2193
42
4023
4037
3602
2486
3197
3815
1545
4555
1236
3317
3046
3321
3842
2549
2597
3386
1152
1975
3904
883
1269
1921
3226
3260
3378
2959
1762
91
4460
4768
1211
889
271
4222
546
968
4353
2872
3915
507
409
3837
4472
2132
1145
1849
354
1650
3711
4248
4842
287
4127
323
1456
1624
487
3520
3794
3841
159
2911
1679
1182
4742
2762
3415
2689
377
1401
4891
3592
1962
5
4562
3756
3486
1252
4513
2031
4221
1736
1455
4893
365
3554
3689
4827
4458
1942
4372
2205
1496
307
475
570
378
3784
2254
2490
2216
2035
2948
1553
982
1869
3820
1199
3051
4763
3443
4485
2108
2943
3436
467
3969
1910
4714
3397
4290
3903
559
3313
245
4536
1585
428
1170
1239
4333
3128
4497
1570
2517
2594
4087
4703
1811
2279
2744
4205
87
1076
4883
1655
2776
885
3523
4801
519
3172
598
3571
3497
57
4088
2322
4959
4960
3698
950
3780
3832
473
3355
3085
3752
4043
2635
4233
1423
4785
897
2759
945
1528
3879
374
1279
675
4151
4826
2958
2371
643
2088
4708
3894
4041
3885
3371
3299
1826
3339
2681
1591
1960
779
781
3624
4192
4540
4730
3195
261
1834
2963
2984
799
2960
1360
2853
2041
2008
2715
4010
1249
1831
3448
1726
3201
4377
3767
2424
1128
1253
3612
218
1607
311
2148
493
2703
4285
2646
1092
4346
3729
4729
2789
917
1002
88
2284
1827
1122
709
2676
2191
1670
1168
4232
3295
4159
4710
2754
2018
1672
3465
2412
1508
534
2491
440
2655
2742
1677
4717
3351
3747
3551
2058
2613
752
2833
4357
1012
2439
1803
2361
1051
3325
2368
3010
2473
2580
1995
2716
4519
1649
3852
845
836
2334
2908
1541
749
296
1287
2388
1780
1582
634
1308
4853
2753
809
535
3982
4181
4288
3692
4906
829
4439
2176
2565
2632
4644
1082
2713
3973
2986
1183
1543
2976
1370
2102
998
4759
2749
306
3581
1698
4344
4453
84
841
1652
3365
918
695
1506
4838
1194
2536
1368
708
2307
2852
1458
283
2820
2814
3511
626
1336
1491
1797
4343
105
3565
4814
1129
1352
1507
1695
4503
2647
1759
246
1946
2086
2502
4069
3045
4141
1099
486
4604
3327
581
3221
265
4240
4945
2444
1603
861
39
3722
4912
4823
3954
1451
4172
1659
3649
2932
2650
252
3491
4908
3103
4598
2190
1953
4213
2224
2618
1531
4953
4609
746
892
4440
4899
4734
226
1310
3528
783
2261
3460
3166
3686
4188
3426
997
4481
1102
4147
3013
2936
4250
3425
4881
6
1262
1248
527
4739
1454
2438
212
1281
2440
747
4263
840
1000
3628
3895
2308
4400
2380
4520
3572
125
2093
2359
1142
1609
2727
3064
3703
237
1857
3353
3121
977
269
3534
334
2398
1228
51
2271
4099
2773
1243
3104
906
2494
3773
972
661
3192
1419
63
1796
1329
1061
3432
78
2883
3410
4963
2175
2563
2032
4974
1348
761
3079
839
4978
1675
3447
2213
4378
4920
3546
2364
1530
2904
4487
837
1550
2585
4091
1229
4570
1
542
3733
4915
2516
890
4284
1845
3021
3866
3479
2375
3605
8
288
2888
3032
4029
3601
2913
4917
47
2166
2378
444
117
2643
4
3217
939
4932
3871
4996
4330
2930
3625
2472
2114
2939
4751
179
3749
3881
3853
257
1080
4733
1131
1134
2468
4553
569
3203
309
1751
1725
4270
4778
1041
1656
4119
2420
1024
302
2731
1660
2053
3955
3816
2404
1915
760
4731
108
2518
3342
985
2251
497
1406
4784
4806
2335
3557
4245
3388
745
3439
2225
1908
2714
4444
3709
3667
4635
521
774
3179
3897
3435
3826
4046
2560
3024
612
4941
1265
2164
1617
3391
2358
1322
2479
2409
4885
2661
65
4211
1631
0
1540
2881
3513
3615
4688
3456
4516
3047
217
4887
4316
2081
2835
1829
394
1601
4451
17
4355
3515
4913
1832
2970
3662
1711
4053
869
2069
1162
3720
3910
1520
2897
3346
733
3122
2649
4876
4331
1529
2995
3992
4033
146
4182
154
3323
1802
3518
1349
4606
1653
2154
1187
3582
177
358
3578
4544
3745
3933
1997
1897
859
4422
4271
1790
2617
524
2589
3585
3891
1794
619
4580
3622
3956
2868
4578
3306
2695
4483
4096
3472
2586
3387
1893
1273
4190
3324
4278
1268
2840
1671
3935
834
1723
2576
1704
2935
2812
694
3858
310
3990
216
2945
2161
503
822
2381
1320
469
335
1283
4274
1328
819
3233
3597
4855
3981
3239
1290
1907
1636
4749
1245
882
4521
1462
1847
1701
509
3505
3312
4300
2806
1640
2085
4434
1411
1511
2997
1982
3670
3739
4187
4062
1861
1048
2861
3244
2767
3061
4861
2501
579
4176
403
4009
3575
2871
1597
2122
4738
4701
2415
764
4786
289
4640
3454
2379
155
854
3847
2101
30
734
1968
1842
4990
1642
4773
2445
3434
3482
2638
958
4698
3809
3375
4511
1019
366
2640
3328
1748
4334
3252
641
1107
2573
633
1038
4716
4055
632
2125
1284
2245
1978
249
3461
1046
1342
4220
3123
4824
3227
3449
3469
2313
2425
4629
4174
4927
1042
3532
402
2733
4227
2674
1316
4078
2551
1871
2382
28
572
956
796
1105
696
290
3770
563
3427
1195
813
1779
1729
368
4352
236
2339
4884
384
4163
4676
1255
4500
4515
1167
136
4152
948
3561
4658
3496
1886
3600
1567
312
4215
2719
4011
3136
405
1097
1216
3275
3922
4575
3589
4135
1242
3766
3183
3418
168
1562
4867
4013
4910
3958
422
260
1944
3082
1989
969
1275
2010
4727
1335
3383
2675
3420
1150
4280
2572
386
4541
4923
2920
2283
743
905
3004
4320
558
4365
3695
2443
2300
468
1991
4530
3519
4804
126
3408
476
3620
1581
2210
314
4449
337
1309
2693
1047
1044
736
2362
3124
4126
1969
230
580
4924
2870
794
4095
1318
1413
206
2011
1304
4726
2488
801
3360
12
4049
373
765
1815
3078
3330
2234
451
369
3542
400
2337
858
1732
3937
583
3637
408
1876
3978
1333
484
4296
4311
4356
3190
942
1867
2196
1191
3824
1791
4930
3403
4772
4566
1760
3671
4922
430
2917
943
1822
3129
1744
4071
1645
2500
193
1731
2808
2005
3222
1789
2779
1276
4115
2582
2238
4209
1100
2482
2736
1771
388
426
4207
3374
3614
2755
1214
4218
4542
513
2629
1976
1900
4366
4680
2084
2895
10
3322
2775
2823
2630
4345
4896
741
284
4718
4782
2174
2783
3372
4409
3301
4946
58
3450
1132
988
1001
3334
2349
4348
4863
930
2068
4845
1728
3688
3715
4254
1546
3011
4490
2981
4783
2756
4950
576
4462
347
3248
1459
1095
3247
3964
1858
3066
946
4363
4517
2842
2353
119
2800
3708
3952
2578
120
4235
4480
1067
3453
4608
2964
4185
2453
4942
4057
3333
3242
2732
4633
795
1737
1743
361
815
2721
4760
2192
1475
2185
3402
3463
23
4384
1319
1373
1250
4653
2902
2819
3347
3556
2967
1985
4019
4014
1792
3086
4214
1321
3043
4170
3273
812
3968
2483
1192
3466
896
2343
3228
151
3974
1758
3102
4677
1101
4552
480
14
3471
4102
1468
3099
3067
1379
3651
3214
250
3825
3734
1804
4747
3788
916
2142
3901
3337
2346
2470
1481
2998
4310
4551
